P=3.4
# Times (BJD) 	 Norm. Flux. 	 Norm. Flux Err.
2457288.77153	0.999656649617	0.00169214080168
2457288.77232	1.00107846929	0.00169071635172
2457288.77312	0.999020032558	0.00168429407824
2457288.77392	0.998880972878	0.00168243075562
2457288.77472	0.999031742239	0.00138514371544
2457288.77552	0.996320849008	0.00167131486381
2457288.77632	0.999294587005	0.00165180778972
2457288.77711	1.00246677195	0.00165177972301
2457288.7779	1.00093356221	0.00165337596101
2457288.7787	0.997417028885	0.00164921208464
2457288.7795	0.997292000257	0.00164535896456
2457288.78038	1.00170264319	0.00115037198798
2457288.78135	1.00079639781	0.00130631310884
2457288.78233	1.00174261113	0.001316170707
2457288.7833	0.997293300956	0.00129564407193
2457288.78427	1.00339559293	0.00129567960134
2457288.78523	0.999676156777	0.0012611887602
2457288.7862	0.998296616931	0.00126894658936
2457288.78718	1.00023418197	0.0012561903166
2457288.78815	1.00059695448	0.00127290769893
2457288.78912	1.00127182799	0.00110784199493
2457288.79009	1.0	0.00124021245525
2457288.79106	0.999013779451	0.00109651076432
2457288.79204	1.00125728472	0.00109623159615
2457288.79301	1.00018287301	0.00121909060871
2457288.79398	0.999452272554	0.00122727355357
2457288.79494	1.00136307505	0.001221175391
2457288.79591	0.99957572725	0.00122523430502
2457288.79689	1.00161760616	0.00122333529819
2457288.79786	1.00270999002	0.00121421315763
2457288.79883	1.00002953408	0.00121365471635
2457288.7998	0.997629306562	0.00108187740384
2457288.80078	1.00302043298	0.00102163701136
2457288.80175	1.00121248838	0.00120845983178
2457288.80271	1.00042821703	0.00119963057223
2457288.80368	0.999113235083	0.00107411287752
2457288.80465	1.00144189203	0.0010780661418
2457288.80563	1.00166946464	0.00120405415309
2457288.8066	1.00105241119	0.00120986633069
2457288.80757	1.0008278497	0.00121761994615
2457288.80854	1.00003068475	0.00107831277279
2457288.80951	1.001209519	0.00107753098777
2457288.81049	1.00054880146	0.00108669842143
2457288.81145	1.00067715263	0.00108971351968
2457288.81242	1.00163817532	0.00122798581389
2457288.81339	1.0004666586	0.00108352703733
2457288.81436	1.00094396225	0.00107810942788
2457288.81534	1.00070835444	0.00121687484433
2457288.81631	1.0007840199	0.00122723072292
2457288.81728	1.0026380727	0.00121629895757
2457288.81825	1.00042668773	0.00121761199024
2457288.81923	1.00287324426	0.00123782707575
2457288.8202	1.00106813793	0.00122093851627
2457288.82116	1.00043460909	0.0010795470678
2457288.82213	1.00001937841	0.00121918207111
2457288.8231	1.0019876443	0.00122139762074
2457288.82405	1.00090790177	0.00129727141673
2457288.82497	1.00025525813	0.00114681867125
2457288.82588	0.997716678774	0.00129470336325
2457288.8268	0.999861515312	0.00112436261406
2457288.82771	1.0005512204	0.00130551603218
2457288.82862	1.00063374773	0.00132042031855
2457288.82954	1.00146373925	0.00130491571227
2457288.83044	0.998163117303	0.00115589113918
2457288.83136	1.00026308119	0.0013070326666
2457288.83227	1.00246767374	0.00132188894362
2457288.83318	1.00060243435	0.00130136267753
2457288.83404	0.998790561447	0.00152074017248
2457288.83484	0.999557870796	0.00151545368267
2457288.83564	1.00046006053	0.00151131111571
2457288.83643	0.997692373744	0.00152004568101
2457288.83722	0.99744836863	0.00152941487842
2457288.83802	0.992542176988	0.00151106398288
2457288.83882	0.996393879672	0.00152662033445
2457288.83962	0.997213568519	0.00151652231247
2457288.84042	0.991307516824	0.00151762161952
2457288.84122	0.991437229759	0.00131809060991
2457288.84202	0.992314349907	0.00150142598157
2457288.84281	0.989287580502	0.00150265604536
2457288.8436	0.986864073995	0.00132263551074
2457288.8444	0.986153488655	0.00149100567744
2457288.8452	0.986910708601	0.00148549035656
2457288.846	0.987391824675	0.00151827627803
2457288.8468	0.985763004983	0.00150197681013
2457288.8476	0.985957967318	0.00149777178383
2457288.84839	0.985673513147	0.00150496401678
2457288.84919	0.983071799351	0.00153655970852
2457288.84998	0.980791223552	0.00149719242006
2457288.85078	0.980607341849	0.00151582264661
2457288.85158	0.980498473882	0.00150971481523
2457288.85238	0.981280483273	0.00151950978259
2457288.85317	0.982262268864	0.00151888026555
2457288.85397	0.980908972514	0.00149934057076
2457288.85477	0.982345407781	0.00148784011989
2457288.85557	0.981901192035	0.00152232089735
2457288.85637	0.982559204654	0.00149625853549
2457288.85716	0.981034370795	0.00135758918982
2457288.85795	0.981647285714	0.00150351268595
2457288.85875	0.978919519535	0.00131760155614
2457288.85955	0.981182422076	0.00152467651443
2457288.86035	0.981277976487	0.001491728575
2457288.86115	0.981719286	0.0015147319459
2457288.86195	0.979636525413	0.0014896246211
2457288.86275	0.982977170346	0.00149429692498
2457288.86355	0.979577204458	0.00149668566572
2457288.86434	0.980551003247	0.00148115726056
2457288.86513	0.98030604228	0.0015156608682
2457288.86593	0.979255979524	0.00149565419576
2457288.86673	0.979374116951	0.00148247508999
2457288.86753	0.977904758866	0.00149030029259
2457288.86833	0.979281166705	0.00149494693761
2457288.86912	0.980226681105	0.00149051228325
2457288.86992	0.979635272732	0.00149622358201
2457288.87072	0.982053624352	0.00149781614987
2457288.87152	0.978709367685	0.00149922646421
2457288.87231	0.982960342624	0.00148659503455
2457288.87311	0.979583021493	0.00149087209125
2457288.8739	0.979553365553	0.00149300605496
2457288.8747	0.978704916328	0.00147969186966
2457288.8755	0.978871555229	0.0014757822056
2457288.8763	0.982813126778	0.00148073927948
2457288.8771	0.982832587619	0.00148550001016
2457288.8779	0.98346216498	0.00149262873482
2457288.87868	0.981847007247	0.00147393614864
2457288.87948	0.980833776316	0.00148529761325
2457288.88028	0.981948633843	0.00148550299825
2457288.88108	0.981256167133	0.00134523131012
2457288.88188	0.984796809173	0.0014983816294
2457288.88268	0.980635071247	0.00124675782651
2457288.88348	0.982018506935	0.00149353740616
2457288.88428	0.980953866303	0.00147432575628
2457288.88507	0.983405574499	0.00148387215188
2457288.88586	0.98400589359	0.00150581020019
2457288.88666	0.985169580004	0.00131319146267
2457288.88746	0.983064471855	0.00151142683542
2457288.88826	0.982312717846	0.00150571315832
2457288.88906	0.979802385167	0.00150355153357
2457288.88985	0.982593202124	0.00151086705163
2457288.89065	0.981902332657	0.00150071889133
2457288.89145	0.984563645468	0.00151638757716
2457288.89224	0.984841170449	0.00151165948098
2457288.89304	0.985939805583	0.00150182132156
2457288.89384	0.981751653899	0.00150119291304
2457288.89463	0.985714813886	0.00152117757348
2457288.89543	0.988532308555	0.0015177297738
2457288.89623	0.988225169422	0.00152368716291
2457288.89703	0.989852351858	0.00154503312426
2457288.89783	0.988679434658	0.00153661985392
2457288.89863	0.993672206038	0.00157129516084
2457288.89943	0.993005133518	0.00139927782668
2457288.90021	0.994166505606	0.00159413576865
2457288.90101	0.994218740086	0.00161059867499
2457288.90181	0.995054769633	0.00166302133247
2457288.90261	0.998880071396	0.00170686233458
2457288.90341	0.999175991725	0.00172373901993
2457288.90421	0.999692649422	0.00178450952824
2457288.90501	0.998292007002	0.00184455443758
2457288.9058	0.999160313148	0.00166364364893
2457288.90659	0.998863826316	0.00203278087917
2457288.90739	0.998888390891	0.0021432004948
2457288.90819	1.00307560353	0.00196411093693
2457288.90899	0.999383635115	0.00249889053468
2457288.90979	1.00231412384	0.0022460751788
2457288.91058	1.00034140206	0.00244690149045
2457288.91138	1.00192268593	0.00249637082008
2457288.91218	1.00050725408	0.00303608698018
2457288.91297	1.00352416198	0.00339036040127
2457288.91377	1.00290162547	0.00390067816818
2457288.91457	1.00211877954	0.00446653797621
2457288.91536	1.00463199079	0.00495046855475
2457288.91616	1.00314040247	0.0060437705564
2457292.70837   1.00039049033   0.00173542859724
2457292.71021   0.996895341768  0.00161327146999
2457292.71141   1.00043347647   0.00163406991182
2457292.71268   0.9994654966    0.00164848879438
2457292.71394   0.99933659399   0.00164495071464
2457292.7152    0.998415532037  0.00161141398089
2457292.71646   1.00034463274   0.00160258161494
2457292.71772   0.998489176877  0.00163528575237
2457292.71898   1.00043645837   0.00163676780519
2457292.72025   1.00210186354   0.00159877286966
2457292.72151   1.00123618546   0.00159444297383
2457292.72276   0.999468932782  0.00165260374895
2457292.72402   1.00148900102   0.00156118028788
2457292.72528   1.00170468699   0.00164452938121
2457292.72655   0.999622834379  0.00167852169035
2457292.72782   1.00074731933   0.00155861701974
2457292.72908   1.00145276528   0.00155792690694
2457292.73033   0.998462661534  0.00154766451269
2457292.73159   1.0 0.00154862731969
2457292.73285   0.998855692963  0.00158775197628
2457292.73411   0.999322796113  0.00154423799875
2457292.73537   1.00154202546   0.00155448048302
2457292.73664   0.999795890267  0.00156752857143
2457292.7379    1.00005910942   0.00154903455311
2457292.73916   0.999686997853  0.00153889683695
2457292.74042   1.00129485642   0.0015197081369
2457292.74168   1.00073719392   0.00153063176467
2457292.74294   0.999447267011  0.0015236396121
2457292.74421   1.00119372688   0.00151676850117
2457292.74546   0.998772645871  0.00156584615781
2457292.74672   0.995687997968  0.00151469449546
2457292.74798   0.995885252566  0.00152685542381
2457292.74924   0.992652916268  0.0014881305315
2457292.7505    0.993229312813  0.00148241390059
2457292.75176   0.991841153384  0.00149005150587
2457292.75303   0.989966639069  0.00147087035189
2457292.75425   0.988559887994  0.00153205241297
2457292.75546   0.985975716684  0.00151960619286
2457292.75665   0.985728448076  0.00150920268879
2457292.75785   0.985314029412  0.00151285487101
2457292.75906   0.983355448438  0.00149088785943
2457292.76026   0.982560107186  0.00137247890701
2457292.76144   0.982433521502  0.00155651746264
2457292.76253   0.980842791673  0.00169426039103
2457292.76356   0.979820908102  0.00169495206177
2457292.76459   0.982510523633  0.00168892884409
2457292.76562   0.983171268131  0.00168580675419
2457292.76665   0.982879283934  0.00172580996913
2457292.76768   0.980413376978  0.00157267349967
2457292.7687    0.979340785091  0.00172329118604
2457292.76973   0.978491886991  0.0017000989256
2457292.77076   0.980093738771  0.00170400394859
2457292.77179   0.980177031549  0.00169533059345
2457292.77284   0.979306911706  0.00160858351531
2457292.77393   0.980624512346  0.00159491351799
2457292.77502   0.980391265498  0.00159901011557
2457292.77608   0.976981688782  0.00165941997352
2457292.77711   0.977218260874  0.00168064453373
2457292.77813   0.980672550158  0.00167381949175
2457292.77916   0.980453468032  0.00166894373034
2457292.78019   0.977587237519  0.00166415574991
2457292.78122   0.980113077834  0.00165452689068
2457292.78225   0.97754789067   0.00164844464569
2457292.78325   0.978539637532  0.0017416705462
2457292.78422   0.979768041008  0.00174661837277
2457292.78518   0.977591364157  0.00174338242549
2457292.78615   0.979795353804  0.00175094720368
2457292.78712   0.980844861133  0.0017591875917
2457292.7881    0.97790175472   0.00173210010238
2457292.78907   0.979091199052  0.00173616864304
2457292.79004   0.978854377742  0.00173773563521
2457292.79101   0.977432876824  0.0016143835667
2457292.79199   0.980767892693  0.00174792271301
2457292.79296   0.981920463682  0.00175052702796
2457292.79393   0.980659191875  0.00173757399282
2457292.7949    0.980318832027  0.00174785543995
2457292.79586   0.980881591234  0.00172797816889
2457292.79684   0.97929974765   0.00173890396395
2457292.79781   0.980109435813  0.00173574600828
2457292.79878   0.979955038225  0.00172810390343
2457292.79975   0.980351014319  0.00173472961584
2457292.80072   0.982799045187  0.0017420678192
2457292.8017    0.983750117121  0.00175244427377
2457292.80267   0.981961993841  0.00173741063462
2457292.80364   0.985479267613  0.00174435146916
2457292.8046    0.982986724913  0.00174305471007
2457292.80559   0.986347016119  0.00176705004146
2457292.80655   0.989691430877  0.00175315741695
2457292.80752   0.990265611586  0.00175144904938
2457292.80849   0.992384495562  0.00175866749656
2457292.80946   0.990885110666  0.00175443254044
2457292.81044   0.9914734866    0.00174261694238
2457292.81141   0.993693264779  0.00175570321566
2457292.81238   0.995587357731  0.00175930880448
2457292.81335   0.99535131776   0.00176497252803
2457292.81432   0.995479151131  0.0017873908282
2457292.8153    0.996492622943  0.00177018923869
2457292.81626   0.999832063371  0.00176764079458
2457292.81723   0.997952350086  0.00177793131239
2457292.8182    0.999836516732  0.00178761756746
2457292.81917   0.99831565073   0.00178223918513
2457292.82015   0.999699956018  0.00176333878148
2457292.82112   0.999392720792  0.00179053751659
2457292.82209   0.998036126129  0.00164497708611
2457292.82305   0.998192888544  0.00177547057869
2457292.82402   0.998699885538  0.00175710775532
2457292.825 1.00050373015   0.00177424602709
2457292.82597   0.998045000719  0.00176013699367
2457292.82694   0.997873585278  0.00175591868405
2457292.82791   0.998975743384  0.00176394700955
2457292.82889   0.999282814081  0.00176381868131
2457292.82986   0.997195324268  0.00175576226027
2457292.83082   0.998143447302  0.00175565402535
2457292.83179   1.00047484237   0.00176624699851
2457292.83276   0.999419737954  0.00175559463401
2457292.83374   0.998016799897  0.00174720197705
2457292.83471   0.998941304504  0.0017615494852
2457292.83568   0.998190098433  0.00175456815424
2457292.83665   0.999167798808  0.0017470038263
2457292.83762   0.998870498461  0.0017513078024
2457292.8386    1.0004038196    0.00175062957567
2457292.83956   0.998393495017  0.0017527831623
2457292.84053   0.999651086902  0.00175013703821
2457292.8415    0.998633168087  0.00174506534086
2457292.84247   1.0010496373    0.0017615425697
2457292.84345   0.997686061956  0.00175586530979
2457292.84442   1.00043196311   0.00176059367931
2457292.84539   0.999602927196  0.00176431254906
2457292.84636   0.998135311602  0.00176108087137
2457292.84734   0.999316209939  0.0017436743729
2457292.84831   0.999094420141  0.00175254539402
2457292.84928   0.998106511085  0.00173702476025
2457292.85025   0.999557562564  0.0017394372085
2457292.85121   1.00022055568   0.00174830246421
2457292.85219   0.998138525272  0.00174768710106
2457292.85316   0.996288389601  0.00174313993792
2457292.85413   0.998428590137  0.00175175281719
2457292.8551    0.999590297585  0.00175411548907
2457292.85607   0.997844292333  0.00175373403992
2457292.85705   0.998238719055  0.00173439681905
2457292.85801   0.998810505395  0.00174800182314
2457292.85898   0.998936182399  0.0017946919716
2457292.85995   0.999854681096  0.00175026262123
2457292.86092   0.999014960663  0.00174820340952
2457292.8619    1.00017600644   0.00174265045409
2457292.86287   0.99928280333   0.00174419487972
2457292.86384   1.00206050118   0.00174459590426
2457292.86481   0.995658200945  0.00161468126247
2457292.86579   0.999901257015  0.00175284779799
2457292.86676   0.999909092986  0.00175232865514
2457292.86773   0.999960050531  0.00176545396306
2457292.86869   0.999250810296  0.00175439893737
2457292.86966   1.00001662267   0.00175922061546
2457292.87064   0.999473788862  0.00176466295367
2457292.87161   0.999554497226  0.00176547063028
2457292.87261   0.997492912863  0.00166199775986
2457292.87364   0.999524692309  0.00165894697019
2457292.87468   0.997761260938  0.00165823214296
2457292.87571   0.998666689397  0.00165829239578
2457292.87674   1.00122825912   0.00165756761703
2457292.87777   0.999830359978  0.00163649565541
2457292.8788    0.999200397677  0.00165196691624
2457292.87983   0.999010605426  0.00164724326709
2457292.88083   0.997046231778  0.00166145412474
2457292.88186   0.998977513388  0.00163366887619
2457292.88289   0.997681357469  0.0016385165474
2457292.88392   0.999844841375  0.00164587210963
2457292.88495   1.00003684899   0.00163521965173
2457292.88598   0.996884965686  0.00162235938992
2457292.88701   0.999381135847  0.00163254212614
2457292.88804   0.997442655497  0.00162785202727
2457292.88907   1.00114916075   0.00163953090678
2457292.8901    0.999997214713  0.0016330156369
2457292.89113   0.99802227943   0.00161919531041
2457292.89216   0.999393980053  0.00150429126123
2457292.89319   0.995922732286  0.00164533804612
2457292.89422   0.997479813846  0.00162426179955
2457292.89525   0.998958465427  0.00161279229209
2457292.89628   0.997403562146  0.00160903382632
